1 0.23125000298023224 0.4662036895751953 0.008333333767950535 0.015740741044282913 0.8510091304779053
1 0.13463541865348816 0.3333333432674408 0.00989583320915699 0.01666666753590107 0.877701461315155
1 0.2330729216337204 0.6032407283782959 0.0078125 0.015740741044282913 0.8840696215629578
1 0.7018229365348816 0.3601851761341095 0.00989583320915699 0.012962962500751019 0.889544665813446
1 0.8570312261581421 0.244907408952713 0.0078125 0.015740741044282913 0.9009124636650085
1 0.14479166269302368 0.6861110925674438 0.0072916666977107525 0.01666666753590107 0.9031509757041931
1 0.6830729246139526 0.46759259700775146 0.00989583320915699 0.014814814552664757 0.9046084880828857
1 0.078125 0.5287036895751953 0.00937500037252903 0.012962962500751019 0.9059559106826782
1 0.7739583253860474 0.7675926089286804 0.0062500000931322575 0.018518518656492233 0.9074879884719849
1 0.15156249701976776 0.737500011920929 0.008333333767950535 0.017592592164874077 0.9078260064125061
1 0.7291666865348816 0.1893518567085266 0.008333333767950535 0.017592592164874077 0.9094201326370239
1 0.234375 0.2611111104488373 0.0072916666977107525 0.018518518656492233 0.9113455414772034
1 0.600781261920929 0.6689814925193787 0.00989583320915699 0.013888888992369175 0.9127917885780334
1 0.6270833611488342 0.3888888955116272 0.00937500037252903 0.014814814552664757 0.9170712232589722
1 0.7875000238418579 0.20879629254341125 0.0072916666977107525 0.01944444514811039 0.9195393919944763
1 0.8984375 0.39629629254341125 0.008333333767950535 0.018518518656492233 0.9206336140632629
1 0.7721354365348816 0.427314817905426 0.008854166604578495 0.017592592164874077 0.9217867255210876
1 0.16614583134651184 0.40509259700775146 0.00937500037252903 0.012037036940455437 0.9229918122291565
1 0.18359375 0.5259259343147278 0.008854166604578495 0.01666666753590107 0.9268348813056946
1 0.10572917014360428 0.6620370149612427 0.00937500037252903 0.012962962500751019 0.9275481104850769
1 0.36666667461395264 0.2777777910232544 0.00937500037252903 0.014814814552664757 0.9276545643806458
1 0.2906250059604645 0.7541666626930237 0.008333333767950535 0.01944444514811039 0.9298819303512573
1 0.31432291865348816 0.5768518447875977 0.010937499813735485 0.012962962500751019 0.9343253970146179
1 0.6273437738418579 0.23240740597248077 0.008854166604578495 0.01666666753590107 0.9350131154060364
1 0.6421874761581421 0.3018518388271332 0.0072916666977107525 0.01666666753590107 0.9364213347434998
1 0.5971354246139526 0.3152777850627899 0.008854166604578495 0.015740741044282913 0.9394190907478333
0 0.7591145634651184 0.7722222208976746 0.0390625 0.04814814776182175 0.9528311491012573
0 0.5979166626930237 0.6435185074806213 0.02500000037252903 0.06666667014360428 0.9595671892166138
0 0.12526041269302368 0.31203705072402954 0.03177083283662796 0.06481481343507767 0.9599062204360962
0 0.739062488079071 0.17777778208255768 0.03958333283662796 0.05925925821065903 0.9634226560592651
0 0.13255208730697632 0.6935185194015503 0.03802083432674408 0.05925925821065903 0.9645917415618896
0 0.7598958611488342 0.41203704476356506 0.03437500074505806 0.05370370298624039 0.965128481388092
0 0.846875011920929 0.23333333432674408 0.03437500074505806 0.06851851940155029 0.9660147428512573
0 0.772656261920929 0.20972222089767456 0.0390625 0.04722222313284874 0.9660367965698242
0 0.22057291865348816 0.25231480598449707 0.03697916492819786 0.049074072390794754 0.9663161039352417
0 0.24401041865348816 0.595370352268219 0.03697916492819786 0.0555555559694767 0.9666330814361572
0 0.8815104365348816 0.39120370149612427 0.04322916641831398 0.05277777835726738 0.9667502641677856
0 0.6875 0.4921296238899231 0.02916666679084301 0.06574074178934097 0.9669237732887268
0 0.699999988079071 0.3787037134170532 0.03125 0.07037036865949631 0.9679419994354248
0 0.07395832985639572 0.5032407641410828 0.02916666679084301 0.06759259104728699 0.9690876603126526
0 0.16119791567325592 0.7245370149612427 0.0390625 0.05648148059844971 0.9697452187538147
0 0.19427083432674408 0.5435185432434082 0.03750000149011612 0.06851851940155029 0.9712995290756226
0 0.16718749701976776 0.4296296238899231 0.03020833246409893 0.06481481343507767 0.9718670845031738
0 0.22213540971279144 0.44999998807907104 0.03697916492819786 0.06851851940155029 0.9719345569610596
0 0.6205729246139526 0.4087963104248047 0.03281249850988388 0.06203703582286835 0.9727417826652527
0 0.6304687261581421 0.29722222685813904 0.04218750074505806 0.05370370298624039 0.9730988144874573
0 0.10052083432674408 0.6398147940635681 0.03125 0.07037036865949631 0.9736342430114746
0 0.6338541507720947 0.24537037312984467 0.04270833358168602 0.06851851940155029 0.9743249416351318
0 0.30859375 0.7513889074325562 0.04635416716337204 0.05648148059844971 0.9752421379089355
0 0.5843750238418579 0.32499998807907104 0.03541666641831398 0.06666667014360428 0.9766741991043091
0 0.36119791865348816 0.25648146867752075 0.03593749925494194 0.06666667014360428 0.9773571491241455
0 0.31458333134651184 0.5481481552124023 0.0416666679084301 0.07222222536802292 0.9777675271034241
